Gamma, Selfish Profit 1, Selfish Profit 2,  Individual Miner Hash Rate, Honest Profit
0, 0.0517376, 0.053156, 0.1, 0.895106
0, 0.0548144, 0.053075, 0.1, 0.892111
0, 0.0456703, 0.0476028, 0.1, 0.906727
0, 0.0507863, 0.0539043, 0.1, 0.895309
0, 0.0543505, 0.0578227, 0.1, 0.887827
0, 0.0557421, 0.0563848, 0.1, 0.887873
0, 0.0568894, 0.0507621, 0.1, 0.892348
0, 0.0536583, 0.0501359, 0.1, 0.896206
0, 0.0498999, 0.0497747, 0.1, 0.900325
0, 0.0604657, 0.0512106, 0.1, 0.888324
0, 0.05009, 0.0549943, 0.1, 0.894916
0, 0.057645, 0.052785, 0.1, 0.88957
0, 0.0507596, 0.0528462, 0.1, 0.896394
0, 0.0537237, 0.0512341, 0.1, 0.895042
0, 0.0565824, 0.0509207, 0.1, 0.892497
0, 0.0546495, 0.0472062, 0.1, 0.898144
0, 0.0559406, 0.0541041, 0.1, 0.889955
0, 0.0549365, 0.0498583, 0.1, 0.895205
0, 0.0472727, 0.0559042, 0.1, 0.896823
0, 0.0563543, 0.0493074, 0.1, 0.894338
0, 0.0532524, 0.0562721, 0.1, 0.890475
0, 0.0505952, 0.0526012, 0.1, 0.896804
0, 0.0555696, 0.0500437, 0.1, 0.894387
0, 0.0551067, 0.0567185, 0.1, 0.888175
0, 0.0528597, 0.0512675, 0.1, 0.895873
0, 0.0534413, 0.0469888, 0.1, 0.89957
0, 0.0482494, 0.0565554, 0.1, 0.895195
0, 0.0542207, 0.0462051, 0.1, 0.899574
0, 0.0539546, 0.0521353, 0.1, 0.89391
0, 0.052942, 0.0544483, 0.1, 0.89261
0, 0.0524904, 0.0549614, 0.1, 0.892548
0, 0.0522289, 0.0572821, 0.1, 0.890489
0, 0.0539872, 0.0585232, 0.1, 0.88749
0, 0.0530138, 0.0534841, 0.1, 0.893502
0, 0.0537268, 0.0583987, 0.1, 0.887874
0, 0.0599551, 0.0487282, 0.1, 0.891317
0, 0.0554312, 0.0550843, 0.1, 0.889485
0, 0.0542466, 0.0532304, 0.1, 0.892523
0, 0.051774, 0.0488171, 0.1, 0.899409
0, 0.0459186, 0.0562096, 0.1, 0.897872
0, 0.053532, 0.0532235, 0.1, 0.893245
0, 0.0580705, 0.0573878, 0.1, 0.884542
0, 0.0544593, 0.0534035, 0.1, 0.892137
0, 0.0542804, 0.0547728, 0.1, 0.890947
0, 0.0475812, 0.0541779, 0.1, 0.898241
0, 0.0533951, 0.0495563, 0.1, 0.897049
0, 0.0498609, 0.0520036, 0.1, 0.898135
0, 0.0515414, 0.05293, 0.1, 0.895529
0, 0.0554175, 0.0509211, 0.1, 0.893661
0, 0.0501461, 0.0489102, 0.1, 0.900944
0, 0.048535, 0.0553112, 0.1, 0.896154
0, 0.0502206, 0.0510098, 0.1, 0.89877
0, 0.0462643, 0.0577527, 0.1, 0.895983
0, 0.0522658, 0.0508715, 0.1, 0.896863
0, 0.0537867, 0.0525092, 0.1, 0.893704
0, 0.0545811, 0.0527378, 0.1, 0.892681
0, 0.0547903, 0.0485338, 0.1, 0.896676
0, 0.0557398, 0.0508755, 0.1, 0.893385
0, 0.0548915, 0.0503858, 0.1, 0.894723
0, 0.0586891, 0.0522848, 0.1, 0.889026
0, 0.0473953, 0.0488719, 0.1, 0.903733
0, 0.0516114, 0.0563712, 0.1, 0.892017
0, 0.0532868, 0.0504738, 0.1, 0.896239
0, 0.0505132, 0.0497942, 0.1, 0.899693
0, 0.0530957, 0.0541597, 0.1, 0.892745
0, 0.0523916, 0.0470384, 0.1, 0.90057
0, 0.0459013, 0.0546288, 0.1, 0.89947
0, 0.0537591, 0.0528161, 0.1, 0.893425
0, 0.0563191, 0.0554267, 0.1, 0.888254
0, 0.0533739, 0.0567312, 0.1, 0.889895
0, 0.0540359, 0.0544443, 0.1, 0.89152
0, 0.0567438, 0.0537763, 0.1, 0.88948
0, 0.0540427, 0.0574319, 0.1, 0.888525
0, 0.0552921, 0.0550564, 0.1, 0.889651
0, 0.0542131, 0.0564046, 0.1, 0.889382
0, 0.050457, 0.0503979, 0.1, 0.899145
0, 0.0481337, 0.0524848, 0.1, 0.899382
0, 0.0506541, 0.0534456, 0.1, 0.8959
0, 0.0520387, 0.0492119, 0.1, 0.898749
0, 0.0512082, 0.0562091, 0.1, 0.892583
0, 0.0509421, 0.0547428, 0.1, 0.894315
0, 0.0539291, 0.0534114, 0.1, 0.89266
0, 0.0596194, 0.053525, 0.1, 0.886856
0, 0.0528008, 0.0553973, 0.1, 0.891802
0, 0.0522282, 0.0430102, 0.1, 0.904762
0, 0.0461441, 0.0514097, 0.1, 0.902446
0, 0.0577602, 0.0534281, 0.1, 0.888812
0, 0.0515604, 0.0497883, 0.1, 0.898651
0, 0.0503947, 0.0589363, 0.1, 0.890669
0, 0.0536253, 0.053516, 0.1, 0.892859
0, 0.0539705, 0.0573526, 0.1, 0.888677
0, 0.0558144, 0.0516712, 0.1, 0.892514
0, 0.0592539, 0.0520168, 0.1, 0.888729
0, 0.0550952, 0.0578729, 0.1, 0.887032
0, 0.0533969, 0.0487665, 0.1, 0.897837
0, 0.0519945, 0.0520415, 0.1, 0.895964
0, 0.0558942, 0.0546658, 0.1, 0.88944
0, 0.052587, 0.0508955, 0.1, 0.896518
0, 0.0555322, 0.0538634, 0.1, 0.890604
0, 0.0547122, 0.0511842, 0.1, 0.894104
0, 0.0631689, 0.0535436, 0.105, 0.883288
0, 0.0579766, 0.057444, 0.105, 0.884579
0, 0.0578592, 0.0661833, 0.105, 0.875958
0, 0.0510958, 0.0558497, 0.105, 0.893054
0, 0.0617532, 0.0575465, 0.105, 0.8807
0, 0.0657513, 0.0580516, 0.105, 0.876197
0, 0.0633241, 0.057911, 0.105, 0.878765
0, 0.0596177, 0.0484861, 0.105, 0.891896
0, 0.0618609, 0.059413, 0.105, 0.878726
